# Blender v2.69 (sub 0) OBJ File: '3_Hacker_Model.blend'
# www.blender.org
g Hacker_Helix_Drone_Hacker_Helix_Drone_Mesh
v 0.240693 0.319684 0.237246
v 0.240693 0.319684 1.850836
v 0.000000 0.078992 1.850836
v -0.000000 0.078992 0.237246
v -0.000000 0.560377 0.237246
v 0.000000 0.560377 1.850836
v -0.240693 0.319685 1.850836
v -0.240693 0.319684 0.237246
v -0.664589 0.001848 -0.834536
v 0.664589 0.001848 -0.834536
v 0.664589 0.001848 0.494641
v -0.664589 0.001848 0.494641
v -0.416584 0.597685 -0.586532
v 0.416584 0.597685 -0.586532
v 0.416584 0.597685 0.246637
v -0.416584 0.597684 0.246637
v 0.000000 -0.380316 -1.584161
v 1.414214 -0.380315 -0.169948
v -0.000000 -0.380316 1.244266
v -1.414214 -0.380316 -0.169948
v 0.000000 0.019684 -1.584161
v 1.414214 0.019684 -0.169948
v -0.000000 0.019684 1.244266
v -1.414214 0.019684 -0.169948
vn 0.707107 0.707107 -0.000000
vn 0.000000 0.000000 1.000000
vn -0.707107 -0.707107 0.000000
vn 0.707107 -0.707107 -0.000000
vn -0.707107 0.707107 0.000000
vn 0.000000 0.384271 -0.923220
vn 0.923220 0.384271 0.000000
vn -0.000000 0.384271 0.923220
vn -0.923220 0.384271 -0.000000
vn -0.000000 1.000000 0.000000
vn 0.707107 -0.000000 -0.707107
vn 0.707107 0.000000 0.707107
vn -0.707107 0.000000 0.707107
vn -0.707107 0.000000 -0.707107
vn 0.000000 -1.000000 0.000000
s off
f 5//1 6//1 2//1 1//1
f 6//2 7//2 3//2 2//2
f 7//3 8//3 4//3 3//3
f 1//4 2//4 3//4 4//4
f 8//5 7//5 6//5 5//5
f 13//6 14//6 10//6 9//6
f 14//7 15//7 11//7 10//7
f 15//8 16//8 12//8 11//8
f 16//9 13//9 9//9 12//9
f 16//10 15//10 14//10 13//10
f 21//11 22//11 18//11 17//11
f 22//12 23//12 19//12 18//12
f 23//13 24//13 20//13 19//13
f 24//14 21//14 17//14 20//14
f 17//15 18//15 19//15 20//15
f 24//10 23//10 22//10 21//10
